 <pre>

 Contingency table for Cloud base (m)
 Selection: ALL    637 stations
Period: 20250702-20250721
Used {00,12} + 01 02 ... 36
 Limits    70.0000000       150.000000       300.000000       600.000000       1000.00000       1500.00000       2500.00000       5000.00000    
 Each class is data <= limit, the very last > last limit
 Total number of values      498710
                                                       OBSERVATION
                                   2710     1959     1226      468      220       87      147      295     1625 |      8737
                                   1165     2600     2022      912      328      124      100      168      391 |      7810
                                   1014     4110     7957     4921     1575      553      393      523      745 |     21791
                                    521     1728     6652    11954     5010     1522     1028     1004     1328 |     30747
                      rednmc06      481      994     2872     7696     9902     4293     2101     1624     2802 |     32765
                                    458      771     2070     4252     7328     9387     5515     2909     5189 |     37879
                                    631      992     2247     4218     5749     7566    14656     7727    11893 |     55679
                                    372      581     1312     2793     4663     3574     7024    15146     5913 |     41378
                                   2628     1937     3553     8797    16979    16904    19827    27674   163625 |    261924

                    SUM            9980    15672    29911    46011    51754    44010    50791    57070   193511 |    498710
                                                       OBSERVATION
                                   2689     1947     1215      474      188      101      130      300     1471 |      8515
                                   1227     2550     1914      888      375      104       83      155      368 |      7664
                                   1045     4042     7997     4652     1565      556      381      453      679 |     21370
                                    519     1774     6637    11962     5006     1571      929      918     1337 |     30653
                      rednmc04      478     1022     2901     7964     9977     4212     2136     1564     2726 |     32980
                                    472      797     2018     4210     7454     9462     5452     2789     5220 |     37874
                                    615      973     2243     4219     5700     7628    14909     7634    11639 |     55560
                                    332      597     1301     2921     4634     3573     6955    15584     6097 |     41994
                                   2603     1970     3685     8721    16855    16803    19816    27673   163974 |    262100

                    SUM            9980    15672    29911    46011    51754    44010    50791    57070   193511 |    498710

