 <pre>

 Contingency table for Cloud cover (octas)
 Selection: ALL    409 stations
Period: 20250702-20250703
Used {00,12} + 01 02 ... 36
 Limits   0.500000000       1.50000000       2.50000000       3.50000000       4.50000000       5.50000000       6.50000000       7.50000000    
 Each class is data <= limit, the very last > last limit
 Total number of values       31280
                                                       OBSERVATION
                                   8359     1210      865      590      374      422      381      399      535 |     13135
                                    703      205      238      228      137      150      147      195      235 |      2238
                                    354      124      148      159      106      111      115      135      169 |      1421
                                    251       95      129      148       97      115      111      135      159 |      1240
                      rednmc06      246       99      107      103       91      109      125      130      179 |      1189
                                    224       78      104      124       99      122      119      180      182 |      1232
                                    192       89       85       82       85      111      157      167      244 |      1212
                                    194       73       89       78       89      114      175      238      431 |      1481
                                    365      185      229      224      212      347      693     1511     4366 |      8132

                    SUM           10888     2158     1994     1736     1290     1601     2023     3090     6500 |     31280
                                                       OBSERVATION
                                   8442     1209      875      603      367      423      376      410      537 |     13242
                                    680      215      235      210      140      139      161      205      232 |      2217
                                    326      128      155      156      105      131      106      135      166 |      1408
                                    244       90      118      142      111      124       99      119      159 |      1206
                      rednmc04      260       98       99      107      102       93      120      129      179 |      1187
                                    210       80      111      110       82      129      125      161      199 |      1207
                                    199       81       97       93       81      104      128      174      255 |      1212
                                    188       76       83       81       92      113      181      223      418 |      1455
                                    339      181      221      234      210      345      727     1534     4355 |      8146

                    SUM           10888     2158     1994     1736     1290     1601     2023     3090     6500 |     31280

