 <pre>

 Contingency table for Rh2m (%)
 Selection: ALL    997 stations
Period: 20250702-20250703
Used {00,12} + 00 01 ... 36
 Limits    30.0000000       50.0000000       65.0000000       75.0000000       85.0000000       95.0000000       100.000000    
 Each class is data <= limit, the very last > last limit
 Total number of values      100727
                                              OBSERVATION
                                   1388      760       94       12        4        2        0        0 |      2260
                                    187     6909     3005      444      131       65        4        0 |     10745
                                     13     2126    10453     4335     1405      421       50        0 |     18803
                      rednmc06        1      261     3948     7854     5135     1586      217        0 |     19002
                                      0       66     1039     4006     8697     5592      850        0 |     20250
                                      1       22      347     1249     4906    10715     3934        0 |     21174
                                      0        9       56      153      716     3139     4236        0 |      8309
                                      0        0        0        1        8       61      114        0 |       184

                    SUM            1590    10153    18942    18054    21002    21581     9405        0 |    100727
                                              OBSERVATION
                                   1387      760      101       12        4        2        0        0 |      2266
                                    187     6965     3069      446      149       65        4        0 |     10885
                                     14     2050    10520     4440     1410      420       43        0 |     18897
                      rednmc04        1      288     3875     7901     5262     1635      215        0 |     19177
                                      0       49      994     3885     8680     5725      940        0 |     20273
                                      1       32      322     1220     4840    10704     3957        0 |     21076
                                      0        9       61      150      647     2968     4136        0 |      7971
                                      0        0        0        0       10       62      110        0 |       182

                    SUM            1590    10153    18942    18054    21002    21581     9405        0 |    100727

