 <pre>

 Contingency table for Low clouds (octas)
 Selection: ALL    632 stations
Period: 20250702-20250721
Used {00,12} + 01 02 ... 36
 Limits    1.00000000       2.00000000       3.00000000       4.00000000       5.00000000       6.00000000       7.00000000    
 Each class is data <= limit, the very last > last limit
 Total number of values      515301
                                              OBSERVATION
                                 224991    11642     7886     5268     5090     4673     6571     8897 |    275018
                                  12724     1910     1710     1198     1223     1095     1764     2499 |     24123
                                   8305     1534     1370     1060      998      951     1545     2063 |     17826
                      rednmc06     6360     1323     1164     1019      917      860     1431     1970 |     15044
                                   5629     1158     1122      877      922      820     1446     1927 |     13901
                                   5272     1244     1167      956      885      885     1590     2202 |     14201
                                   6459     1613     1412     1240     1152     1223     2287     3408 |     18794
                                  23458     8542     8432     7495     8097     9317    21392    49661 |    136394

                    SUM          293198    28966    24263    19113    19284    19824    38026    72627 |    515301
                                              OBSERVATION
                                 226734    11587     7941     5248     5075     4636     6470     8806 |    276497
                                  12244     2002     1728     1259     1209     1221     1721     2421 |     23805
                                   8277     1584     1431     1047      993      902     1542     2081 |     17857
                      rednmc04     6280     1364     1171      986      865      824     1425     1953 |     14868
                                   5396     1176     1093      892      888      818     1427     1968 |     13658
                                   5099     1172     1159      886      878      871     1572     2298 |     13935
                                   6296     1578     1446     1224     1186     1220     2299     3478 |     18727
                                  22872     8503     8294     7571     8190     9332    21570    49622 |    135954

                    SUM          293198    28966    24263    19113    19284    19824    38026    72627 |    515301

