 <pre>

 Contingency table for Visibility (m)
 Selection: ALL    697 stations
Period: 20250702-20250721
Used {00,12} + 00 01 ... 36
 Limits    1000.00000       5000.00000       10000.0000       20000.0000    
 Each class is data <= limit, the very last > last limit
 Total number of values      659671
                                     OBSERVATION
                                   2128     1460     1040     1429     1409 |      7466
                                   2320     5572     7367    10233     8500 |     33992
                      rednmc06     2135     7088    12719    28959    33283 |     84184
                                   1041     4115    11112    38700    83736 |    138704
                                   1122     3600    16178    87088   287337 |    395325

                    SUM            8746    21835    48416   166409   414265 |    659671
                                     OBSERVATION
                                   2094     1419     1022     1331     1247 |      7113
                                   2328     5591     7233    10293     8099 |     33544
                      rednmc04     2138     7133    12817    28962    32591 |     83641
                                   1018     4127    11110    38733    83606 |    138594
                                   1168     3565    16234    87090   288722 |    396779

                    SUM            8746    21835    48416   166409   414265 |    659671

