 <pre>

 Contingency table for Rh2m (%)
 Selection: ALL   1005 stations
Period: 20250702-20250715
Used {00,12} + 00 01 ... 36
 Limits    30.0000000       50.0000000       65.0000000       75.0000000       85.0000000       95.0000000       100.000000    
 Each class is data <= limit, the very last > last limit
 Total number of values      732057
                                              OBSERVATION
                                   3452     2288      128       22        6        3        1        0 |      5900
                                   4131    46930    14314     2119      724      319       39        0 |     68576
                                    330    27827    63975    24398     8125     3064      527        0 |    128246
                      rednmc06       29     3840    29592    43744    28130     9839     2059        0 |    117233
                                      7     1160    10283    30422    58018    36565     7374        0 |    143829
                                      3      427     3788    10787    38403    84146    34175        0 |    171729
                                      1       50      674     1826     7026    32146    49913        0 |     91636
                                      0        0        4       34      238     1204     3428        0 |      4908

                    SUM            7953    82522   122758   113352   140670   167286    97516        0 |    732057
                                              OBSERVATION
                                   3527     2305      140       22        7        3        1        0 |      6005
                                   4110    47487    14518     2168      736      303       33        0 |     69355
                                    284    27464    64312    24643     8244     3122      547        0 |    128616
                      rednmc04       20     3666    29406    44230    28280     9729     2043        0 |    117374
                                     10     1136    10143    30013    58544    37030     7477        0 |    144353
                                      2      425     3612    10552    37950    84274    34185        0 |    171000
                                      0       39      627     1686     6662    31612    49880        0 |     90506
                                      0        0        0       38      247     1213     3350        0 |      4848

                    SUM            7953    82522   122758   113352   140670   167286    97516        0 |    732057

