 <pre>

 Contingency table for Low clouds (octas)
 Selection: ALL    632 stations
Period: 20250702-20250715
Used {00,12} + 01 02 ... 36
 Limits    1.00000000       2.00000000       3.00000000       4.00000000       5.00000000       6.00000000       7.00000000    
 Each class is data <= limit, the very last > last limit
 Total number of values      363619
                                              OBSERVATION
                                 137308     8459     5959     3949     3821     3576     5029     6523 |    174624
                                   8747     1424     1280      919      916      833     1377     1874 |     17370
                                   5915     1178     1069      792      727      706     1256     1584 |     13227
                      rednmc06     4641      992      895      770      723      641     1151     1542 |     11355
                                   4133      895      859      685      731      638     1156     1516 |     10613
                                   3935      973      929      745      659      682     1300     1759 |     10982
                                   4899     1276     1142      982      907      980     1847     2709 |     14742
                                  18392     6910     6802     6104     6441     7271    17023    41763 |    110706

                    SUM          187970    22107    18935    14946    14925    15327    30139    59270 |    363619
                                              OBSERVATION
                                 138140     8371     5998     3940     3790     3572     4947     6500 |    175258
                                   8604     1459     1298      957      893      902     1347     1816 |     17276
                                   5906     1194     1098      800      756      694     1231     1605 |     13284
                      rednmc04     4595     1066      903      765      680      626     1145     1528 |     11308
                                   4083      942      852      666      688      599     1160     1552 |     10542
                                   3863      928      922      684      661      667     1266     1833 |     10824
                                   4776     1244     1148      975      927      942     1847     2775 |     14634
                                  18003     6903     6716     6159     6530     7325    17196    41661 |    110493

                    SUM          187970    22107    18935    14946    14925    15327    30139    59270 |    363619

