 <pre>

 Contingency table for Cloud base (m)
 Selection: ALL    637 stations
Period: 20250702-20250720
Used {00,12} + 01 02 ... 36
 Limits    70.0000000       150.000000       300.000000       600.000000       1000.00000       1500.00000       2500.00000       5000.00000    
 Each class is data <= limit, the very last > last limit
 Total number of values      461952
                                                       OBSERVATION
                                   2514     1909     1193      443      202       87      144      265     1530 |      8287
                                   1110     2546     1986      874      299      122       95      154      378 |      7564
                                    946     3936     7743     4737     1436      520      375      488      709 |     20890
                                    468     1613     6343    11536     4770     1451      985      933     1280 |     29379
                      rednmc06      441      942     2735     7378     9483     4156     2043     1518     2693 |     31389
                                    427      712     1928     4071     6928     9031     5352     2706     4894 |     36049
                                    593      887     2092     4007     5445     7192    13761     7103    10673 |     51753
                                    342      475     1079     2478     4354     3313     6342    13843     5305 |     37531
                                   2333     1666     2925     7993    15853    15889    18196    24889   149366 |    239110

                    SUM            9174    14686    28024    43517    48770    41761    47293    51899   176828 |    461952
                                                       OBSERVATION
                                   2464     1814     1120      412      173       99      131      262     1127 |      7602
                                   1177     2465     1929      789      297       93       82      153      285 |      7270
                                    962     3911     7691     4459     1368      512      361      429      661 |     20354
                                    466     1595     6309    11651     4781     1441      864      947     1256 |     29310
                 rednmc06_t2h2      396      972     2707     7467     9487     3997     2075     1432     2588 |     31121
                                    435      715     1933     4089     7018     9140     5180     2569     4859 |     35938
                                    551      884     2109     3987     5534     7170    13866     6996    10355 |     51452
                                    336      505     1111     2550     4347     3427     6314    13946     5084 |     37620
                                   2387     1825     3115     8113    15765    15882    18420    25165   150613 |    241285

                    SUM            9174    14686    28024    43517    48770    41761    47293    51899   176828 |    461952

