 <pre>

 Contingency table for Cloud base (m)
 Selection: ALL    628 stations
Period: 20250702-20250703
Used {00,12} + 01 02 ... 36
 Limits    70.0000000       150.000000       300.000000       600.000000       1000.00000       1500.00000       2500.00000       5000.00000    
 Each class is data <= limit, the very last > last limit
 Total number of values       48389
                                                       OBSERVATION
                                     41       78       51       19        4        2        3        6       17 |       221
                                     58      160      105       31        8        3        3        3        8 |       379
                                     52      293      549      308       68       38       40       22       43 |      1413
                                     18      174      644     1078      363      128       80       78       80 |      2643
                      rednmc06       14       70      323     1059     1271      399      190      135      312 |      3773
                                     18       64      207      392      902     1161      534      279      395 |      3952
                                     25       64      142      246      424      795     1341      513      683 |      4233
                                     33       57      135      251      565      441      968     1814      592 |      4856
                                     70       78      183      823     2212     2622     1912     2947    16072 |     26919

                    SUM             329     1038     2339     4207     5817     5589     5071     5797    18202 |     48389
                                                       OBSERVATION
                                     46       65       45       17        3        3        2        4       14 |       199
                                     52      153       93       33        9        2        5        2        9 |       358
                                     48      308      553      296       67       39       30       11       47 |      1399
                                     20      168      642     1066      368      139       74       68       76 |      2621
                      rednmc04       13       79      333     1103     1257      388      160      145      273 |      3751
                                     22       63      210      385      952     1158      496      256      401 |      3943
                                     21       65      140      247      397      800     1423      462      695 |      4250
                                     34       61      135      258      543      449      952     1876      604 |      4912
                                     73       76      188      802     2221     2611     1929     2973    16083 |     26956

                    SUM             329     1038     2339     4207     5817     5589     5071     5797    18202 |     48389

