 <pre>

 Contingency table for Rh2m (%)
 Selection: ALL   1006 stations
Period: 20250702-20250721
Used {00,12} + 00 01 ... 36
 Limits    30.0000000       50.0000000       65.0000000       75.0000000       85.0000000       95.0000000       100.000000    
 Each class is data <= limit, the very last > last limit
 Total number of values     1046907
                                              OBSERVATION
                                   6232     5772      206       29       13        3        1        0 |     12256
                                   6830    86848    24992     3792     1410      624       90        0 |    124586
                                    393    39016    90095    36909    14010     6009     1313        0 |    187745
                      rednmc06       42     5548    40441    58120    40041    16572     4114        0 |    164878
                                     15     1904    14904    40917    75831    50560    11871        0 |    196002
                                     11      710     5211    14902    51272   110586    47700        6 |    230398
                                      1       99      893     2370     9220    42164    69484       13 |    124244
                                      0        0        5       39      314     1523     4896       21 |      6798

                    SUM           13524   139897   176747   157078   192111   228041   139469       40 |   1046907
                                              OBSERVATION
                                   6353     5798      231       31       13        4        1        0 |     12431
                                   6778    88136    25344     3784     1369      593       86        0 |    126090
                                    339    38236    90796    37385    14141     5944     1285        0 |    188126
                      rednmc04       28     5222    39947    58784    40495    16461     4079        0 |    165016
                                     20     1754    14638    40372    76545    51420    12083        1 |    196833
                                      6      679     4995    14522    50494   110779    47990        6 |    229471
                                      0       72      796     2153     8727    41301    69242       15 |    122306
                                      0        0        0       47      327     1539     4703       18 |      6634

                    SUM           13524   139897   176747   157078   192111   228041   139469       40 |   1046907

