 <pre>

 Contingency table for Cloud cover (octas)
 Selection: ALL    410 stations
Period: 20250702-20250715
Used {00,12} + 01 02 ... 36
 Limits   0.500000000       1.50000000       2.50000000       3.50000000       4.50000000       5.50000000       6.50000000       7.50000000    
 Each class is data <= limit, the very last > last limit
 Total number of values      229605
                                                       OBSERVATION
                                  18112     3683     3650     2165     1275     1506     1609     1482     2566 |     36048
                                   3053     1100     1202     1050      691      918     1167     1326     1953 |     12460
                                   1710      664      791      720      532      759      972     1178     1695 |      9021
                                   1328      527      668      654      509      680      832     1132     1693 |      8023
                      rednmc06     1151      468      616      541      469      686      892     1219     1891 |      7933
                                   1179      458      575      578      518      688      951     1420     2201 |      8568
                                   1149      527      556      609      538      793     1203     1828     2806 |     10009
                                   1429      678      739      752      682     1084     1755     2908     5030 |     15057
                                   4100     2342     2409     2499     2690     4295     7974    27426    68751 |    122486

                    SUM           33211    10447    11206     9568     7904    11409    17355    39919    88586 |    229605
                                                       OBSERVATION
                                  18142     3682     3610     2221     1236     1463     1589     1460     2552 |     35955
                                   3009     1055     1214     1010      693      894     1180     1288     1910 |     12253
                                   1683      725      800      746      563      765      884     1100     1687 |      8953
                                   1340      509      648      621      489      711      865     1132     1725 |      8040
                      rednmc04     1193      486      617      575      486      674      928     1176     1811 |      7946
                                   1122      471      568      578      474      737      974     1465     2240 |      8629
                                   1193      515      582      596      549      753     1122     1803     2889 |     10002
                                   1465      650      765      747      727     1056     1772     3010     5015 |     15207
                                   4064     2354     2402     2474     2687     4356     8041    27485    68757 |    122620

                    SUM           33211    10447    11206     9568     7904    11409    17355    39919    88586 |    229605

