 <pre>

 Contingency table for Rh2m (%)
 Selection: ALL   1006 stations
Period: 20250702-20250720
Used {00,12} + 00 01 ... 36
 Limits    30.0000000       50.0000000       65.0000000       75.0000000       85.0000000       95.0000000       100.000000    
 Each class is data <= limit, the very last > last limit
 Total number of values      968343
                                              OBSERVATION
                                   6083     5377      198       29       12        3        0        0 |     11702
                                   6393    77554    22116     3412     1222      557       78        0 |    111332
                                    383    36804    83490    33415    12283     5191     1125        0 |    172691
                      rednmc06       40     5250    37818    53974    36536    14483     3555        0 |    151656
                                     13     1769    13911    38150    71057    46444    10592        0 |    181936
                                      7      664     4939    14016    48256   103705    43860        2 |    215449
                                      1       96      843     2266     8776    39833    65212       11 |    117038
                                      0        0        5       38      311     1484     4680       21 |      6539

                    SUM           12920   127514   163320   145300   178453   211700   129102       34 |    968343
                                              OBSERVATION
                                   6135     4910      226       34       18       10        0        0 |     11333
                                   6487    81025    22164     3452     1249      542       77        0 |    114996
                                    254    35339    86740    34059    12251     5154     1187        0 |    174984
                 rednmc06_t2h2       35     4413    37211    56140    36886    14477     3489        0 |    152651
                                      6     1337    12398    37179    72854    46732    10681        0 |    181187
                                      3      441     4045    12704    47323   104808    44084        3 |    213411
                                      0       49      536     1714     7661    38665    64965       28 |    113618
                                      0        0        0       18      211     1312     4619        3 |      6163

                    SUM           12920   127514   163320   145300   178453   211700   129102       34 |    968343

