 <pre>

 Contingency table for Visibility (m)
 Selection: ALL    689 stations
Period: 20250702-20250703
Used {00,12} + 00 01 ... 36
 Limits    1000.00000       5000.00000       10000.0000       20000.0000    
 Each class is data <= limit, the very last > last limit
 Total number of values       62757
                                     OBSERVATION
                                     47       32       15       39       42 |       175
                                     29      216      425      560      500 |      1730
                      rednmc06       43      308      746     1574     1693 |      4364
                                     44      332     1050     3255     7173 |     11854
                                     82      297     1499    10141    32615 |     44634

                    SUM             245     1185     3735    15569    42023 |     62757
                                     OBSERVATION
                                     47       28       19       32       39 |       165
                                     28      233      452      560      469 |      1742
                      rednmc04       44      304      737     1553     1607 |      4245
                                     44      314     1007     3258     7107 |     11730
                                     82      306     1520    10166    32801 |     44875

                    SUM             245     1185     3735    15569    42023 |     62757

