 <pre>

 Contingency table for Visibility (m)
 Selection: ALL    697 stations
Period: 20250702-20250715
Used {00,12} + 00 01 ... 36
 Limits    1000.00000       5000.00000       10000.0000       20000.0000    
 Each class is data <= limit, the very last > last limit
 Total number of values      459790
                                     OBSERVATION
                                   1120      822      557      926     1019 |      4444
                                   1263     3847     5060     7314     6133 |     23617
                      rednmc06     1171     4737     8569    20174    24262 |     58913
                                    616     2972     8174    27545    61571 |    100878
                                    563     2420    11242    60482   197231 |    271938

                    SUM            4733    14798    33602   116441   290216 |    459790
                                     OBSERVATION
                                   1116      821      583      905      905 |      4330
                                   1275     3840     4998     7314     5926 |     23353
                      rednmc04     1123     4746     8609    20170    23722 |     58370
                                    606     2978     8176    27629    61626 |    101015
                                    613     2413    11236    60423   198037 |    272722

                    SUM            4733    14798    33602   116441   290216 |    459790

