 <pre>

 Contingency table for Cloud base (m)
 Selection: ALL    634 stations
Period: 20250702-20250715
Used {00,12} + 01 02 ... 36
 Limits    70.0000000       150.000000       300.000000       600.000000       1000.00000       1500.00000       2500.00000       5000.00000    
 Each class is data <= limit, the very last > last limit
 Total number of values      351565
                                                       OBSERVATION
                                   1423     1329      901      353      133       69       88      163      951 |      5410
                                    795     1954     1562      709      230       87       63      110      231 |      5741
                                    743     3248     6379     3921     1140      427      336      399      581 |     17174
                                    380     1402     5474     9892     4044     1263      897      817     1071 |     25240
                      rednmc06      347      776     2397     6488     8285     3681     1857     1317     2230 |     27378
                                    355      606     1734     3659     6065     8053     4774     2358     3987 |     31591
                                    446      750     1860     3547     4714     6355    11942     6149     7007 |     42770
                                    264      350      885     2093     3659     2815     5485    12348     3957 |     31856
                                   1426     1128     2300     6489    13023    13256    13908    19670    93205 |    164405

                    SUM            6179    11543    23492    37151    41293    36006    39350    43331   113220 |    351565
                                                       OBSERVATION
                                   1447     1330      923      352      122       74       84      188      853 |      5373
                                    835     1903     1458      706      275       66       60      110      220 |      5633
                                    736     3179     6431     3727     1110      411      321      334      533 |     16782
                                    387     1433     5446     9898     4026     1315      797      738     1060 |     25100
                      rednmc04      330      807     2420     6698     8353     3613     1867     1284     2159 |     27531
                                    342      613     1661     3608     6174     8224     4748     2287     4060 |     31717
                                    454      757     1875     3559     4669     6361    12180     6054     6978 |     42887
                                    232      370      869     2189     3622     2831     5373    12692     4027 |     32205
                                   1416     1151     2409     6414    12942    13111    13920    19644    93330 |    164337

                    SUM            6179    11543    23492    37151    41293    36006    39350    43331   113220 |    351565

