 <pre>

 Contingency table for Cloud cover (octas)
 Selection: ALL    410 stations
Period: 20250702-20250721
Used {00,12} + 01 02 ... 36
 Limits   0.500000000       1.50000000       2.50000000       3.50000000       4.50000000       5.50000000       6.50000000       7.50000000    
 Each class is data <= limit, the very last > last limit
 Total number of values      327270
                                                       OBSERVATION
                                  26171     5521     5120     2918     1691     2018     2077     1988     3469 |     50973
                                   5492     1740     1796     1486     1003     1261     1594     1794     2850 |     19016
                                   3038     1089     1185     1066      779     1079     1329     1622     2433 |     13620
                                   2312      885      982      911      711      953     1213     1559     2367 |     11893
                      rednmc06     1985      731      897      766      688      939     1248     1691     2654 |     11599
                                   1955      756      835      828      751      960     1309     1959     3084 |     12437
                                   1892      764      846      851      733     1117     1652     2516     3958 |     14329
                                   2371      999     1142     1103      973     1506     2452     3997     6991 |     21534
                                   6828     3705     3616     3682     3888     6239    11662    37361    94888 |    171869

                    SUM           52044    16190    16419    13611    11217    16072    24536    54487   122694 |    327270
                                                       OBSERVATION
                                  26107     5547     5089     3014     1671     1946     2093     1951     3420 |     50838
                                   5457     1686     1820     1435     1030     1277     1583     1786     2803 |     18877
                                   3024     1143     1220     1049      796     1082     1259     1542     2389 |     13504
                                   2343      836      986      885      715      974     1243     1581     2427 |     11990
                      rednmc04     2058      776      915      835      693      959     1283     1647     2538 |     11704
                                   1871      728      801      800      678     1034     1386     1986     3123 |     12407
                                   1956      764      834      871      749     1056     1535     2495     4031 |     14291
                                   2461      995     1124     1065     1030     1458     2425     4104     7028 |     21690
                                   6767     3715     3630     3657     3855     6286    11729    37395    94935 |    171969

                    SUM           52044    16190    16419    13611    11217    16072    24536    54487   122694 |    327270

