 <pre>

 Contingency table for Visibility (m)
 Selection: ALL    697 stations
Period: 20250702-20250720
Used {00,12} + 00 01 ... 36
 Limits    1000.00000       5000.00000       10000.0000       20000.0000    
 Each class is data <= limit, the very last > last limit
 Total number of values      609578
                                     OBSERVATION
                                   1932     1331      992     1354     1366 |      6975
                                   2134     5125     6819     9571     7938 |     31587
                      rednmc06     1942     6501    11713    26954    31239 |     78349
                                    951     3821    10261    35491    77633 |    128157
                                    980     3252    15113    80434   264731 |    364510

                    SUM            7939    20030    44898   153804   382907 |    609578
                                     OBSERVATION
                                   1829     1209      929     1197      966 |      6130
                                   2024     5111     6583     9299     6957 |     29974
                 rednmc06_t2h2     2072     6700    11905    26576    30355 |     77608
                                    943     3797    10258    35943    76859 |    127800
                                   1071     3213    15223    80789   267770 |    368066

                    SUM            7939    20030    44898   153804   382907 |    609578

