 <pre>

 Contingency table for Low clouds (octas)
 Selection: ALL    629 stations
Period: 20250702-20250703
Used {00,12} + 01 02 ... 36
 Limits    1.00000000       2.00000000       3.00000000       4.00000000       5.00000000       6.00000000       7.00000000    
 Each class is data <= limit, the very last > last limit
 Total number of values       50700
                                              OBSERVATION
                                  23535     1457     1180      710      646      570      772      797 |     29667
                                    896      264      227      141      131      124      173      218 |      2174
                                    560      191      175      128       96       96      160      174 |      1580
                      rednmc06      510      162      141      116      106       95      143      184 |      1457
                                    398      166      127      127       88       94      154      163 |      1317
                                    378      134      107      107      104       95      151      185 |      1261
                                    439      135      124       86      100      117      224      273 |      1498
                                   1757      651      693      583      592      666     1900     4904 |     11746

                    SUM           28473     3160     2774     1998     1863     1857     3677     6898 |     50700
                                              OBSERVATION
                                  23709     1448     1159      694      639      578      789      805 |     29821
                                    882      260      245      153      115      122      181      194 |      2152
                                    609      208      176      154      100       96      150      168 |      1661
                      rednmc04      463      186      121      119      100       91      138      166 |      1384
                                    406      151      141       96      101       89      150      195 |      1329
                                    393      132      131       76      102       87      155      189 |      1265
                                    419      112      134      116      100      117      210      272 |      1480
                                   1592      663      667      590      606      677     1904     4909 |     11608

                    SUM           28473     3160     2774     1998     1863     1857     3677     6898 |     50700

