 <pre>

 Contingency table for Low clouds (octas)
 Selection: ALL    632 stations
Period: 20250702-20250720
Used {00,12} + 01 02 ... 36
 Limits    1.00000000       2.00000000       3.00000000       4.00000000       5.00000000       6.00000000       7.00000000    
 Each class is data <= limit, the very last > last limit
 Total number of values      477349
                                              OBSERVATION
                                 205018    10565     7146     4830     4646     4300     5925     8216 |    250646
                                  11499     1789     1586     1122     1108     1018     1610     2301 |     22033
                                   7569     1430     1273      980      919      881     1450     1914 |     16416
                      rednmc06     5846     1237     1077      939      863      804     1341     1835 |     13942
                                   5161     1083     1042      823      861      768     1356     1813 |     12907
                                   4885     1160     1085      897      826      813     1511     2075 |     13252
                                   6017     1531     1334     1139     1093     1169     2142     3216 |     17641
                                  22138     8159     8056     7145     7747     8855    20459    47953 |    130512

                    SUM          268133    26954    22599    17875    18063    18608    35794    69323 |    477349
                                              OBSERVATION
                                 206790    10597     7171     4917     4612     4231     5892     8384 |    252594
                                  11196     1820     1500     1149     1146     1060     1674     2309 |     21854
                                   7320     1446     1325      939     1022      906     1434     2041 |     16433
                 rednmc06_t2h2     5923     1220     1140      932      864      832     1352     1824 |     14087
                                   5117     1141     1067      797      815      746     1349     1814 |     12846
                                   4850     1166     1096      928      869      822     1461     2102 |     13294
                                   6078     1477     1412     1146     1108     1219     2155     3205 |     17800
                                  20859     8087     7888     7067     7627     8792    20477    47644 |    128441

                    SUM          268133    26954    22599    17875    18063    18608    35794    69323 |    477349

