 <pre>

 Contingency table for Cloud cover (octas)
 Selection: ALL    410 stations
Period: 20250702-20250720
Used {00,12} + 01 02 ... 36
 Limits   0.500000000       1.50000000       2.50000000       3.50000000       4.50000000       5.50000000       6.50000000       7.50000000    
 Each class is data <= limit, the very last > last limit
 Total number of values      302504
                                                       OBSERVATION
                                  24775     5185     4873     2781     1597     1914     1965     1867     3246 |     48203
                                   4949     1615     1671     1388      931     1175     1488     1680     2644 |     17541
                                   2753     1002     1116     1005      715      985     1234     1522     2229 |     12561
                                   2117      810      916      853      679      887     1123     1470     2203 |     11058
                      rednmc06     1836      685      836      710      630      878     1160     1586     2449 |     10770
                                   1809      697      782      766      712      896     1217     1840     2867 |     11586
                                   1748      715      786      795      689     1030     1532     2356     3671 |     13322
                                   2215      930     1053     1027      908     1411     2273     3754     6516 |     20087
                                   6341     3340     3355     3412     3603     5799    10765    34463    86298 |    157376

                    SUM           48543    14979    15388    12737    10464    14975    22757    50538   112123 |    302504
                                                       OBSERVATION
                                  24807     5226     4859     2817     1623     1901     1963     1856     3328 |     48380
                                   5042     1687     1726     1397      924     1178     1447     1645     2681 |     17727
                                   2752      995     1117      971      739      975     1211     1427     2223 |     12410
                                   2073      739      903      791      678      889     1165     1465     2235 |     10938
                 rednmc06_t2h2     1841      720      828      795      666      890     1150     1651     2522 |     11063
                                   1777      702      792      755      628      895     1295     1868     2905 |     11617
                                   1801      731      821      845      727     1054     1494     2321     3794 |     13588
                                   2275      880     1004     1013      921     1412     2286     3906     6443 |     20140
                                   6175     3299     3338     3353     3558     5781    10746    34399    85992 |    156641

                    SUM           48543    14979    15388    12737    10464    14975    22757    50538   112123 |    302504

